resff (Name ),fadsdfasfasdf (Date )
asfasfa,afasdfas
afadsfas,gsdgsdfgsd
afasfas,
,xbxcbx
